election,state,federalist,anti_federalist,democratic_republican,democratic,national_republican,whig,republican,third_party,NOTE
1788,Connecticut,1.0000,0.0000,0.0000,0.0000,0.0000,0.0000,0.0000,0.0000,"No popular vote. Instead, vote by state legislature."
1788,Delaware,1.0000,0.0000,0.0000,0.0000,0.0000,0.0000,0.0000,0.0000,
1788,Georgia,1.0000,0.0000,0.0000,0.0000,0.0000,0.0000,0.0000,0.0000,"No popular vote. Instead, vote by state legislature."
1788,Maryland,0.7709,0.2291,0.0000,0.0000,0.0000,0.0000,0.0000,0.0000,
1788,Massachusetts,0.9714,0.0286,0.0000,0.0000,0.0000,0.0000,0.0000,0.0000,
1788,New Hampshire,1.0000,0.0000,0.0000,0.0000,0.0000,0.0000,0.0000,0.0000,
1788,New Jersey,1.0000,0.0000,0.0000,0.0000,0.0000,0.0000,0.0000,0.0000,"No popular vote. Instead, vote by state legislature."
1788,Pennsylvania,0.9090,0.0910,0.0000,0.0000,0.0000,0.0000,0.0000,0.0000,
1788,South Carolina,1.0000,0.0000,0.0000,0.0000,0.0000,0.0000,0.0000,0.0000,"No popular vote. Instead, vote by state legislature."
1788,Virginia,0.8798,0.1202,0.0000,0.0000,0.0000,0.0000,0.0000,0.0000,
1792,Connecticut,1.0000,0.0000,0.0000,0.0000,0.0000,0.0000,0.0000,0.0000,"No popular vote. Instead, vote by state legislature."
1792,Delaware,1.0000,0.0000,0.0000,0.0000,0.0000,0.0000,0.0000,0.0000,"No popular vote. Instead, vote by state legislature."
1792,Georgia,1.0000,0.0000,0.0000,0.0000,0.0000,0.0000,0.0000,0.0000,"No popular vote. Instead, vote by state legislature."
1792,Kentucky,0.0000,0.0000,1.0000,0.0000,0.0000,0.0000,0.0000,0.0000,No ballot data.
1792,Maryland,1.0000,0.0000,0.0000,0.0000,0.0000,0.0000,0.0000,0.0000,
1792,Massachusetts,1.0000,0.0000,0.0000,0.0000,0.0000,0.0000,0.0000,0.0000,
1792,New Hampshire,1.0000,0.0000,0.0000,0.0000,0.0000,0.0000,0.0000,0.0000,
1792,New Jersey,1.0000,0.0000,0.0000,0.0000,0.0000,0.0000,0.0000,0.0000,"No popular vote. Instead, vote by state legislature."
1792,New York,0.0000,0.0000,1.0000,0.0000,0.0000,0.0000,0.0000,0.0000,"No popular vote. Instead, vote by state legislature."
1792,North Carolina,0.0000,0.0000,1.0000,0.0000,0.0000,0.0000,0.0000,0.0000,"No popular vote. Instead, vote by state legislature."
1792,Pennsylvania,0.9333,0.0000,0.0667,0.0000,0.0000,0.0000,0.0000,0.0000,Based on electoral votes for vice president.
1792,Rhode Island,1.0000,0.0000,0.0000,0.0000,0.0000,0.0000,0.0000,0.0000,"No popular vote. Instead, vote by state legislature."
1792,South Carolina,0.8750,0.0000,0.1250,0.0000,0.0000,0.0000,0.0000,0.0000,Based on electoral votes for vice president.
1792,Vermont,1.0000,0.0000,0.0000,0.0000,0.0000,0.0000,0.0000,0.0000,"No popular vote. Instead, vote by state legislature."
1792,Virginia,,0.0000,1.0000,0.0000,0.0000,0.0000,0.0000,0.0000,No ballot data.
1796,Connecticut,1.0000,0.0000,0.0000,0.0000,0.0000,0.0000,0.0000,0.0000,"No popular vote. Instead, vote by state legislature."
1796,Delaware,1.0000,0.0000,0.0000,0.0000,0.0000,0.0000,0.0000,0.0000,"No popular vote. Instead, vote by state legislature."
1796,Georgia,0.2990,0.0000,0.7010,0.0000,0.0000,0.0000,0.0000,0.0000,
1796,Kentucky,0.0000,0.0000,1.0000,0.0000,0.0000,0.0000,0.0000,0.0000,No ballot data.
1796,Maryland,0.5200,0.0000,0.4800,0.0000,0.0000,0.0000,0.0000,0.0000,
1796,Massachusetts,0.8240,0.0000,0.1760,0.0000,0.0000,0.0000,0.0000,0.0000,
1796,New Hampshire,0.8450,0.0000,0.1550,0.0000,0.0000,0.0000,0.0000,0.0000,
1796,New Jersey,1.0000,0.0000,0.0000,0.0000,0.0000,0.0000,0.0000,0.0000,"No popular vote. Instead, vote by state legislature."
1796,New York,1.0000,0.0000,0.0000,0.0000,0.0000,0.0000,0.0000,0.0000,"No popular vote. Instead, vote by state legislature."
1796,North Carolina,0.2917,0.0000,0.7083,0.0000,0.0000,0.0000,0.0000,0.0000,No ballot data. Tally based on electoral votes for candidates by party.
1796,Pennsylvania,0.4980,0.0000,0.5020,0.0000,0.0000,0.0000,0.0000,0.0000,
1796,Rhode Island,1.0000,0.0000,0.0000,0.0000,0.0000,0.0000,0.0000,0.0000,"No popular vote. Instead, vote by state legislature."
1796,South Carolina,0.0000,0.0000,1.0000,0.0000,0.0000,0.0000,0.0000,0.0000,"No popular vote. Instead, vote by state legislature."
1796,Tennessee,0.0000,0.0000,1.0000,0.0000,0.0000,0.0000,0.0000,0.0000,"No popular vote. Instead, vote by state legislature."
1796,Vermont,1.0000,0.0000,0.0000,0.0000,0.0000,0.0000,0.0000,0.0000,"No popular vote. Instead, vote by state legislature."
1796,Virginia,0.3280,0.0000,0.6720,0.0000,0.0000,0.0000,0.0000,0.0000,
1800,Connecticut,1.0000,0.0000,0.0000,0.0000,0.0000,0.0000,0.0000,0.0000,"No popular vote. Instead, vote by state legislature."
1800,Delaware,1.0000,0.0000,0.0000,0.0000,0.0000,0.0000,0.0000,0.0000,"No popular vote. Instead, vote by state legislature."
1800,Georgia,0.0000,0.0000,1.0000,0.0000,0.0000,0.0000,0.0000,0.0000,"No popular vote. Instead, vote by state legislature."
1800,Kentucky,0.0000,0.0000,1.0000,0.0000,0.0000,0.0000,0.0000,0.0000,
1800,Maryland,0.4860,0.0000,0.5135,0.0000,0.0000,0.0000,0.0000,0.0005,
1800,Massachusetts,1.0000,0.0000,0.0000,0.0000,0.0000,0.0000,0.0000,0.0000,"No popular vote. Instead, vote by state legislature."
1800,New Hampshire,1.0000,0.0000,0.0000,0.0000,0.0000,0.0000,0.0000,0.0000,"No popular vote. Instead, vote by state legislature."
1800,New Jersey,1.0000,0.0000,0.0000,0.0000,0.0000,0.0000,0.0000,0.0000,"No popular vote. Instead, vote by state legislature."
1800,New York,0.0000,0.0000,1.0000,0.0000,0.0000,0.0000,0.0000,0.0000,"No popular vote. Instead, vote by state legislature."
1800,North Carolina,0.4873,0.0000,0.5127,0.0000,0.0000,0.0000,0.0000,0.0000,
1800,Pennsylvania,0.3548,0.0000,0.6452,0.0000,0.0000,0.0000,0.0000,0.0000,"No popular vote. Instead, vote by state legislature."
1800,Rhode Island,0.5215,0.0000,0.4785,0.0000,0.0000,0.0000,0.0000,0.0000,"No popular vote. Instead, vote by state legislature."
1800,South Carolina,0.0000,0.0000,1.0000,0.0000,0.0000,0.0000,0.0000,0.0000,No ballot data.
1800,Tennessee,0.0000,0.0000,1.0000,0.0000,0.0000,0.0000,0.0000,0.0000,
1800,Vermont,1.0000,0.0000,0.0000,0.0000,0.0000,0.0000,0.0000,0.0000,"No popular vote. Instead, vote by state legislature."
1800,Virginia,0.2272,0.0000,0.7728,0.0000,0.0000,0.0000,0.0000,0.0000,
1804,Connecticut,1.0000,0.0000,0.0000,0.0000,0.0000,0.0000,0.0000,0.0000,"No popular vote. Instead, vote by state legislature."
1804,Delaware,1.0000,0.0000,0.0000,0.0000,0.0000,0.0000,0.0000,0.0000,"No popular vote. Instead, vote by state legislature."
1804,Georgia,0.0000,0.0000,1.0000,0.0000,0.0000,0.0000,0.0000,0.0000,"No popular vote. Instead, vote by state legislature."
1804,Kentucky,0.0000,0.0000,1.0000,0.0000,0.0000,0.0000,0.0000,0.0000,
1804,Maryland,0.2397,0.0000,0.7592,0.0000,0.0000,0.0000,0.0000,0.0011,
1804,Massachusetts,0.4642,0.0000,0.5358,0.0000,0.0000,0.0000,0.0000,0.0000,
1804,New Hampshire,0.4799,0.0000,0.5201,0.0000,0.0000,0.0000,0.0000,0.0000,
1804,New Jersey,0.0014,0.0000,0.9979,0.0000,0.0000,0.0000,0.0000,0.0007,
1804,New York,0.0000,0.0000,1.0000,0.0000,0.0000,0.0000,0.0000,0.0000,"No popular vote. Instead, vote by state legislature."
1804,North Carolina,0.3659,0.0000,0.6341,0.0000,0.0000,0.0000,0.0000,0.0000,Hand calculated from the only existing partial results in Districts 8 and 10.
1804,Ohio,0.1231,0.0000,0.8769,0.0000,0.0000,0.0000,0.0000,0.0000,
1804,Pennsylvania,0.0531,0.0000,0.9469,0.0000,0.0000,0.0000,0.0000,0.0000,"No popular vote. Instead, vote by state legislature."
1804,Rhode Island,0.0000,0.0000,1.0000,0.0000,0.0000,0.0000,0.0000,0.0000,
1804,South Carolina,0.0000,0.0000,1.0000,0.0000,0.0000,0.0000,0.0000,0.0000,"No popular vote. Instead, vote by state legislature."
1804,Tennessee,0.0000,0.0000,1.0000,0.0000,0.0000,0.0000,0.0000,0.0000,
1804,Vermont,0.0000,0.0000,1.0000,0.0000,0.0000,0.0000,0.0000,0.0000,"No popular vote. Instead, vote by state legislature."
1804,Virginia,0.0057,0.0000,0.9886,0.0000,0.0000,0.0000,0.0000,0.0057,
1808,Connecticut,1.0000,0.0000,0.0000,0.0000,0.0000,0.0000,0.0000,0.0000,"No popular vote. Instead, vote by state legislature."
1808,Delaware,1.0000,0.0000,0.0000,0.0000,0.0000,0.0000,0.0000,0.0000,"No popular vote. Instead, vote by state legislature."
1808,Georgia,0.0000,0.0000,1.0000,0.0000,0.0000,0.0000,0.0000,0.0000,"No popular vote. Instead, vote by state legislature."
1808,Kentucky,0.0155,0.0000,0.7689,0.0000,0.0000,0.0000,0.0000,0.2156,
1808,Maryland,0.3262,0.0000,0.6730,0.0000,0.0000,0.0000,0.0000,0.0008,
1808,Massachusetts,1.0000,0.0000,0.0000,0.0000,0.0000,0.0000,0.0000,0.0000,"No popular vote. Instead, vote by state legislature."
1808,New Hampshire,0.5240,0.0000,0.4759,0.0000,0.0000,0.0000,0.0000,0.0001,
1808,New Jersey,0.4403,0.0000,0.5597,0.0000,0.0000,0.0000,0.0000,0.0000,
1808,New York,0.0000,0.0000,1.0000,0.0000,0.0000,0.0000,0.0000,0.0000,"No popular vote. Instead, vote by state legislature."
1808,North Carolina,0.4232,0.0000,0.5270,0.0000,0.0000,0.0000,0.0000,0.0498,
1808,Ohio,0.1959,0.0000,0.6082,0.0000,0.0000,0.0000,0.0000,0.1959,"No popular vote. Instead, vote by state legislature."
1808,Pennsylvania,0.2163,0.0000,0.7837,0.0000,0.0000,0.0000,0.0000,0.0000,"No popular vote. Instead, vote by state legislature."
1808,Rhode Island,1.0000,0.0000,0.0000,0.0000,0.0000,0.0000,0.0000,0.0000,"No popular vote. Instead, vote by state legislature."
1808,South Carolina,0.0000,0.0000,1.0000,0.0000,0.0000,0.0000,0.0000,0.0000,"No popular vote. Instead, vote by state legislature."
1808,Tennessee,0.0102,0.0000,0.9460,0.0000,0.0000,0.0000,0.0000,0.0438,
1808,Vermont,0.0000,0.0000,1.0000,0.0000,0.0000,0.0000,0.0000,0.0000,"No popular vote. Instead, vote by state legislature."
1808,Virginia,0.0381,0.0000,0.7862,0.0000,0.0000,0.0000,0.0000,0.1757,
1812,Connecticut,1.0000,0.0000,0.0000,0.0000,0.0000,0.0000,0.0000,0.0000,"No popular vote. Instead, vote by state legislature."
1812,Delaware,1.0000,0.0000,0.0000,0.0000,0.0000,0.0000,0.0000,0.0000,"No popular vote. Instead, vote by state legislature."
1812,Georgia,0.0000,0.0000,1.0000,0.0000,0.0000,0.0000,0.0000,0.0000,"No popular vote. Instead, vote by state legislature."
1812,Kentucky,0.0469,0.0000,0.9217,0.0000,0.0000,0.0000,0.0000,0.0314,
1812,Louisiana,0.0000,0.0000,1.0000,0.0000,0.0000,0.0000,0.0000,0.0000,"No popular vote. Instead, vote by state legislature."
1812,Maryland,0.4837,0.0000,0.5162,0.0000,0.0000,0.0000,0.0000,0.0001,
1812,Massachusetts,0.6495,0.0000,0.3503,0.0000,0.0000,0.0000,0.0000,0.0002,
1812,New Hampshire,0.5597,0.0000,0.4389,0.0000,0.0000,0.0000,0.0000,0.0014,
1812,New Jersey,1.0000,0.0000,0.0000,0.0000,0.0000,0.0000,0.0000,0.0000,"No popular vote. Instead, vote by state legislature."
1812,New York,1.0000,0.0000,0.0000,0.0000,0.0000,0.0000,0.0000,0.0000,"No popular vote. Instead, vote by state legislature."
1812,North Carolina,0.0000,0.0000,1.0000,0.0000,0.0000,0.0000,0.0000,0.0000,"No popular vote. Instead, vote by state legislature."
1812,Ohio,0.3080,0.0000,0.6920,0.0000,0.0000,0.0000,0.0000,0.0000,
1812,Pennsylvania,0.3740,0.0000,0.6260,0.0000,0.0000,0.0000,0.0000,0.0000,
1812,Rhode Island,0.6593,0.0000,0.3407,0.0000,0.0000,0.0000,0.0000,0.0000,
1812,South Carolina,0.0000,0.0000,1.0000,0.0000,0.0000,0.0000,0.0000,0.0000,"No popular vote. Instead, vote by state legislature."
1812,Tennessee,0.0000,0.0000,1.0000,0.0000,0.0000,0.0000,0.0000,0.0000,No data.
1812,Vermont,0.0000,0.0000,1.0000,0.0000,0.0000,0.0000,0.0000,0.0000,"No popular vote. Instead, vote by state legislature."
1812,Virginia,0.2657,0.0000,0.7199,0.0000,0.0000,0.0000,0.0000,0.0144,
1816,Connecticut,1.0000,0.0000,0.0000,0.0000,0.0000,0.0000,0.0000,0.0000,"No popular vote. Instead, vote by state legislature."
1816,Delaware,1.0000,0.0000,0.0000,0.0000,0.0000,0.0000,0.0000,0.0000,"No popular vote. Instead, vote by state legislature."
1816,Georgia,0.0000,0.0000,1.0000,0.0000,0.0000,0.0000,0.0000,0.0000,"No popular vote. Instead, vote by state legislature."
1816,Indiana,0.0000,0.0000,1.0000,0.0000,0.0000,0.0000,0.0000,0.0000,"No popular vote. Instead, vote by state legislature."
1816,Kentucky,0.0000,0.0000,1.0000,0.0000,0.0000,0.0000,0.0000,0.0000,
1816,Louisiana,0.0000,0.0000,1.0000,0.0000,0.0000,0.0000,0.0000,0.0000,"No popular vote. Instead, vote by state legislature."
1816,Maryland,0.2903,0.0000,0.7072,0.0000,0.0000,0.0000,0.0000,0.0025,
1816,Massachusetts,1.0000,0.0000,0.0000,0.0000,0.0000,0.0000,0.0000,0.0000,
1816,New Hampshire,0.4658,0.0000,0.5317,0.0000,0.0000,0.0000,0.0000,0.0025,
1816,New Jersey,0.0000,0.0000,0.9746,0.0000,0.0000,0.0000,0.0000,0.0254,
1816,New York,0.0000,0.0000,1.0000,0.0000,0.0000,0.0000,0.0000,0.0000,"No popular vote. Instead, vote by state legislature."
1816,North Carolina,0.0000,0.0000,0.9837,0.0000,0.0000,0.0000,0.0000,0.0163,
1816,Ohio,0.1513,0.0000,0.8487,0.0000,0.0000,0.0000,0.0000,0.0000,
1816,Pennsylvania,0.0000,0.0000,0.7093,0.0000,0.0000,0.0000,0.0000,0.2907,
1816,Rhode Island,0.0000,0.0000,1.0000,0.0000,0.0000,0.0000,0.0000,0.0000,
1816,South Carolina,0.0000,0.0000,1.0000,0.0000,0.0000,0.0000,0.0000,0.0000,"No popular vote. Instead, vote by state legislature."
1816,Tennessee,0.0000,0.0000,1.0000,0.0000,0.0000,0.0000,0.0000,0.0000,
1816,Vermont,0.0000,0.0000,1.0000,0.0000,0.0000,0.0000,0.0000,0.0000,"No popular vote. Instead, vote by state legislature."
1816,Virginia,0.0006,0.0000,0.9994,0.0000,0.0000,0.0000,0.0000,0.0000,
1820,Alabama,0.0000,0.0000,1.0000,0.0000,0.0000,0.0000,0.0000,0.0000,"No popular vote. Instead, vote by state legislature."
1820,Connecticut,0.1583,0.0000,0.8417,0.0000,0.0000,0.0000,0.0000,0.0000,
1820,Delaware,0.0000,0.0000,1.0000,0.0000,0.0000,0.0000,0.0000,0.0000,"No popular vote. Instead, vote by state legislature."
1820,Georgia,0.0000,0.0000,1.0000,0.0000,0.0000,0.0000,0.0000,0.0000,"No popular vote. Instead, vote by state legislature."
1820,Illinois,0.0000,0.0000,0.6514,0.0000,0.0000,0.0000,0.0000,0.3486,
1820,Indiana,0.0000,0.0000,1.0000,0.0000,0.0000,0.0000,0.0000,0.0000,"No popular vote. Instead, vote by state legislature."
1820,Kentucky,0.4156,0.0000,0.5844,0.0000,0.0000,0.0000,0.0000,0.0000,
1820,Louisiana,0.0000,0.0000,1.0000,0.0000,0.0000,0.0000,0.0000,0.0000,"No popular vote. Instead, vote by state legislature."
1820,Maine,0.0000,0.0000,0.9719,0.0000,0.0000,0.0000,0.0000,0.0281,
1820,Maryland,0.1739,0.0000,0.8261,0.0000,0.0000,0.0000,0.0000,0.0000,
1820,Massachusetts,0.6755,0.0000,0.3226,0.0000,0.0000,0.0000,0.0000,0.0019,
1820,Mississippi,0.0000,0.0000,1.0000,0.0000,0.0000,0.0000,0.0000,0.0000,
1820,Missouri,0.0000,0.0000,1.0000,0.0000,0.0000,0.0000,0.0000,0.0000,"No popular vote. Instead, vote by state legislature."
1820,New Hampshire,0.0104,0.0000,0.9896,0.0000,0.0000,0.0000,0.0000,0.0000,
1820,New Jersey,0.0012,0.0000,0.9988,0.0000,0.0000,0.0000,0.0000,0.0000,
1820,New York,0.0000,0.0000,1.0000,0.0000,0.0000,0.0000,0.0000,0.0000,"No popular vote. Instead, vote by state legislature."
1820,North Carolina,0.0003,0.0000,0.9911,0.0000,0.0000,0.0000,0.0000,0.0086,
1820,Ohio,0.0000,0.0000,0.9953,0.0000,0.0000,0.0000,0.0000,0.0047,
1820,Pennsylvania,0.0000,0.0000,0.9412,0.0000,0.0000,0.0000,0.0000,0.0588,
1820,Rhode Island,0.0000,0.0000,1.0000,0.0000,0.0000,0.0000,0.0000,0.0000,
1820,South Carolina,0.0000,0.0000,1.0000,0.0000,0.0000,0.0000,0.0000,0.0000,"No popular vote. Instead, vote by state legislature."
1820,Tennessee,0.0000,0.0000,0.8034,0.0000,0.0000,0.0000,0.0000,0.1966,
1820,Vermont,0.0000,0.0000,1.0000,0.0000,0.0000,0.0000,0.0000,0.0000,"No popular vote. Instead, vote by state legislature."
1820,Virginia,0.0000,0.0000,1.0000,0.0000,0.0000,0.0000,0.0000,0.0000,
1824,Alabama,0.0000,0.0000,1.0000,0.0000,0.0000,0.0000,0.0000,0.0000,
1824,Connecticut,0.0000,0.0000,0.8890,0.0000,0.0000,0.0000,0.0000,0.1110,
1824,Delaware,0.0000,0.0000,1.0000,0.0000,0.0000,0.0000,0.0000,0.0000,"No popular vote. Instead, vote by state legislature."
1824,Georgia,0.0000,0.0000,1.0000,0.0000,0.0000,0.0000,0.0000,0.0000,"No popular vote. Instead, vote by state legislature."
1824,Illinois,0.0000,0.0000,1.0000,0.0000,0.0000,0.0000,0.0000,0.0000,
1824,Indiana,0.0000,0.0000,1.0000,0.0000,0.0000,0.0000,0.0000,0.0000,
1824,Kentucky,0.0000,0.0000,1.0000,0.0000,0.0000,0.0000,0.0000,0.0000,
1824,Louisiana,0.0000,0.0000,1.0000,0.0000,0.0000,0.0000,0.0000,0.0000,"No popular vote. Instead, vote by state legislature."
1824,Maine,0.0000,0.0000,1.0000,0.0000,0.0000,0.0000,0.0000,0.0000,
1824,Maryland,0.0000,0.0000,1.0000,0.0000,0.0000,0.0000,0.0000,0.0000,
1824,Massachusetts,0.0000,0.0000,0.7300,0.0000,0.0000,0.0000,0.0000,0.2700,
1824,Mississippi,0.0000,0.0000,1.0000,0.0000,0.0000,0.0000,0.0000,0.0000,
1824,Missouri,0.0000,0.0000,0.9900,0.0000,0.0000,0.0000,0.0000,0.0100,
1824,New Hampshire,0.0000,0.0000,1.0000,0.0000,0.0000,0.0000,0.0000,0.0000,
1824,New Jersey,0.0000,0.0000,1.0000,0.0000,0.0000,0.0000,0.0000,0.0000,
1824,New York,0.0000,0.0000,1.0000,0.0000,0.0000,0.0000,0.0000,0.0000,"No popular vote. Instead, vote by state legislature."
1824,North Carolina,0.0000,0.0000,0.9930,0.0000,0.0000,0.0000,0.0000,0.0070,
1824,Ohio,0.0000,0.0000,1.0000,0.0000,0.0000,0.0000,0.0000,0.0000,
1824,Pennsylvania,0.0000,0.0000,1.0000,0.0000,0.0000,0.0000,0.0000,0.0000,
1824,Rhode Island,0.0000,0.0000,0.9150,0.0000,0.0000,0.0000,0.0000,0.0850,
1824,South Carolina,0.0000,0.0000,1.0000,0.0000,0.0000,0.0000,0.0000,0.0000,"No popular vote. Instead, vote by state legislature."
1824,Tennessee,0.0000,0.0000,1.0000,0.0000,0.0000,0.0000,0.0000,0.0000,
1824,Vermont,0.0000,0.0000,1.0000,0.0000,0.0000,0.0000,0.0000,0.0000,"No popular vote. Instead, vote by state legislature."
1824,Virginia,0.0000,0.0000,1.0000,0.0000,0.0000,0.0000,0.0000,0.0000,
1828,Alabama,0.0000,0.0000,0.0000,0.8990,0.1010,0.0000,0.0000,0.0000,
1828,Connecticut,0.0000,0.0000,0.0000,0.2300,0.7140,0.0000,0.0000,0.0560,
1828,Delaware,0.0000,0.0000,0.0000,0.0000,1.0000,0.0000,0.0000,0.0000,"No popular vote. Instead, vote by state legislature."
1828,Georgia,0.0000,0.0000,0.0000,0.9680,0.0320,0.0000,0.0000,0.0000,
1828,Illinois,0.0000,0.0000,0.0000,0.6720,0.3280,0.0000,0.0000,0.0000,
1828,Indiana,0.0000,0.0000,0.0000,0.5660,0.4340,0.0000,0.0000,0.0000,
1828,Kentucky,0.0000,0.0000,0.0000,0.5550,0.4450,0.0000,0.0000,0.0000,
1828,Louisiana,0.0000,0.0000,0.0000,0.5300,0.4700,0.0000,0.0000,0.0000,
1828,Maine,0.0000,0.0000,0.0000,0.4000,0.5970,0.0000,0.0000,0.0030,
1828,Maryland,0.0000,0.0000,0.0000,0.4970,0.5030,0.0000,0.0000,0.0000,
1828,Massachusetts,0.0000,0.0000,0.0000,0.1540,0.7640,0.0000,0.0000,0.0820,
1828,Mississippi,0.0000,0.0000,0.0000,0.8110,0.1890,0.0000,0.0000,0.0000,
1828,Missouri,0.0000,0.0000,0.0000,0.7060,0.2940,0.0000,0.0000,0.0000,
1828,New Hampshire,0.0000,0.0000,0.0000,0.4590,0.5410,0.0000,0.0000,0.0000,
1828,New Jersey,0.0000,0.0000,0.0000,0.4790,0.5210,0.0000,0.0000,0.0000,
1828,New York,0.0000,0.0000,0.0000,0.5140,0.4860,0.0000,0.0000,0.0000,
1828,North Carolina,0.0000,0.0000,0.0000,0.7310,0.2690,0.0000,0.0000,0.0000,
1828,Ohio,0.0000,0.0000,0.0000,0.5160,0.4840,0.0000,0.0000,0.0000,
1828,Pennsylvania,0.0000,0.0000,0.0000,0.6670,0.3330,0.0000,0.0000,0.0000,
1828,Rhode Island,0.0000,0.0000,0.0000,0.2290,0.7700,0.0000,0.0000,0.0010,
1828,South Carolina,0.0000,0.0000,0.0000,1.0000,0.0000,0.0000,0.0000,0.0000,"No popular vote. Instead, vote by state legislature."
1828,Tennessee,0.0000,0.0000,0.0000,0.9520,0.0480,0.0000,0.0000,0.0000,
1828,Vermont,0.0000,0.0000,0.0000,0.2540,0.7420,0.0000,0.0000,0.0040,
1828,Virginia,0.0000,0.0000,0.0000,0.6900,0.3100,0.0000,0.0000,0.0000,
1832,Alabama,0.0000,0.0000,0.0000,0.9997,0.0003,0.0000,0.0000,0.0000,
1832,Connecticut,0.0000,0.0000,0.0000,0.3432,0.5529,0.0000,0.0000,0.1039,
1832,Delaware,0.0000,0.0000,0.0000,0.4901,0.5099,0.0000,0.0000,0.0000,
1832,Georgia,0.0000,0.0000,0.0000,1.0000,0.0000,0.0000,0.0000,0.0000,
1832,Illinois,0.0000,0.0000,0.0000,0.6801,0.3140,0.0000,0.0000,0.0059,
1832,Indiana,0.0000,0.0000,0.0000,0.6710,0.3290,0.0000,0.0000,0.0000,
1832,Kentucky,0.0000,0.0000,0.0000,0.4551,0.5449,0.0000,0.0000,0.0000,
1832,Louisiana,0.0000,0.0000,0.0000,0.6167,0.3833,0.0000,0.0000,0.0000,
1832,Maine,0.0000,0.0000,0.0000,0.5467,0.4397,0.0000,0.0000,0.0136,
1832,Maryland,0.0000,0.0000,0.0000,0.4999,0.5001,0.0000,0.0000,0.0000,
1832,Massachusetts,0.0000,0.0000,0.0000,0.2061,0.4727,0.0000,0.0000,0.3212,
1832,Mississippi,0.0000,0.0000,0.0000,1.0000,0.0000,0.0000,0.0000,0.0000,
1832,Missouri,0.0000,0.0000,0.0000,1.0000,0.0000,0.0000,0.0000,0.0000,
1832,New Hampshire,0.0000,0.0000,0.0000,0.5667,0.4324,0.0000,0.0000,0.0009,
1832,New Jersey,0.0000,0.0000,0.0000,0.4989,0.4913,0.0000,0.0000,0.0098,
1832,New York,0.0000,0.0000,0.0000,0.5210,0.4790,0.0000,0.0000,0.0000,
1832,North Carolina,0.0000,0.0000,0.0000,0.8477,0.1523,0.0000,0.0000,0.0000,
1832,Ohio,0.0000,0.0000,0.0000,0.5133,0.4835,0.0000,0.0000,0.0032,
1832,Pennsylvania,0.0000,0.0000,0.0000,0.5796,0.0000,0.0000,0.0000,0.4204,
1832,Rhode Island,0.0000,0.0000,0.0000,0.4307,0.5693,0.0000,0.0000,0.0000,
1832,South Carolina,0.0000,0.0000,0.0000,0.0000,0.0000,0.0000,0.0000,1.0000,"No popular vote. Instead, vote by state legislature."
1832,Tennessee,0.0000,0.0000,0.0000,0.9542,0.0458,0.0000,0.0000,0.0000,
1832,Vermont,0.0000,0.0000,0.0000,0.2450,0.3471,0.0000,0.0000,0.4079,
1832,Virginia,0.0000,0.0000,0.0000,0.7496,0.2503,0.0000,0.0000,0.0001,
1836,Alabama,0.0000,0.0000,0.0000,0.5534,0.0000,0.4466,0.0000,0.0000,
1836,Arkansas,0.0000,0.0000,0.0000,0.6408,0.0000,0.3592,0.0000,0.0000,
1836,Connecticut,0.0000,0.0000,0.0000,0.5065,0.0000,0.4935,0.0000,0.0000,
1836,Delaware,0.0000,0.0000,0.0000,0.4670,0.0000,0.5324,0.0000,0.0006,
1836,Georgia,0.0000,0.0000,0.0000,0.4820,0.0000,0.5180,0.0000,0.0000,
1836,Illinois,0.0000,0.0000,0.0000,0.5469,0.0000,0.4531,0.0000,0.0000,
1836,Indiana,0.0000,0.0000,0.0000,0.4403,0.0000,0.5597,0.0000,0.0000,
1836,Kentucky,0.0000,0.0000,0.0000,0.4741,0.0000,0.5259,0.0000,0.0000,
1836,Louisiana,0.0000,0.0000,0.0000,0.5174,0.0000,0.4826,0.0000,0.0000,
1836,Maine,0.0000,0.0000,0.0000,0.5892,0.0000,0.3821,0.0000,0.0287,
1836,Maryland,0.0000,0.0000,0.0000,0.4627,0.0000,0.5373,0.0000,0.0000,
1836,Massachusetts,0.0000,0.0000,0.0000,0.4481,0.0000,0.5513,0.0000,0.0006,
1836,Michigan,0.0000,0.0000,0.0000,0.5622,0.0000,0.4378,0.0000,0.0000,
1836,Mississippi,0.0000,0.0000,0.0000,0.5128,0.0000,0.4872,0.0000,0.0000,
1836,Missouri,0.0000,0.0000,0.0000,0.5998,0.0000,0.4002,0.0000,0.0000,
1836,New Hampshire,0.0000,0.0000,0.0000,0.7501,0.0000,0.2499,0.0000,0.0000,
1836,New Jersey,0.0000,0.0000,0.0000,0.4947,0.0000,0.5053,0.0000,0.0000,
1836,New York,0.0000,0.0000,0.0000,0.5463,0.0000,0.4537,0.0000,0.0000,
1836,North Carolina,0.0000,0.0000,0.0000,0.5310,0.0000,0.4690,0.0000,0.0000,
1836,Ohio,0.0000,0.0000,0.0000,0.4756,0.0000,0.5187,0.0000,0.0057,
1836,Pennsylvania,0.0000,0.0000,0.0000,0.5118,0.0000,0.4882,0.0000,0.0000,
1836,Rhode Island,0.0000,0.0000,0.0000,0.5224,0.0000,0.4776,0.0000,0.0000,
1836,South Carolina,0.0000,0.0000,0.0000,0.0000,0.0000,1.0000,0.0000,0.0000,"No popular vote. Instead, vote by state legislature."
1836,Tennessee,0.0000,0.0000,0.0000,0.4208,0.0000,0.5792,0.0000,0.0000,
1836,Vermont,0.0000,0.0000,0.0000,0.4007,0.0000,0.5993,0.0000,0.0000,
1836,Virginia,0.0000,0.0000,0.0000,0.5664,0.0000,0.4335,0.0000,0.0001,
1840,Alabama,0.0000,0.0000,0.0000,0.5438,0.0000,0.4562,0.0000,0.0000,
1840,Arkansas,0.0000,0.0000,0.0000,0.5642,0.0000,0.4358,0.0000,0.0000,
1840,Connecticut,0.0000,0.0000,0.0000,0.4445,0.0000,0.5555,0.0000,0.0000,
1840,Delaware,0.0000,0.0000,0.0000,0.4489,0.0000,0.5499,0.0000,0.0012,
1840,Georgia,0.0000,0.0000,0.0000,0.4422,0.0000,0.5578,0.0000,0.0000,
1840,Illinois,0.0000,0.0000,0.0000,0.5092,0.0000,0.4891,0.0000,0.0017,
1840,Indiana,0.0000,0.0000,0.0000,0.4414,0.0000,0.5586,0.0000,0.0000,
1840,Kentucky,0.0000,0.0000,0.0000,0.3580,0.0000,0.6420,0.0000,0.0000,
1840,Louisiana,0.0000,0.0000,0.0000,0.4027,0.0000,0.5973,0.0000,0.0000,
1840,Maine,0.0000,0.0000,0.0000,0.4977,0.0000,0.5023,0.0000,0.0000,
1840,Maryland,0.0000,0.0000,0.0000,0.4617,0.0000,0.5383,0.0000,0.0000,
1840,Massachusetts,0.0000,0.0000,0.0000,0.4128,0.0000,0.5744,0.0000,0.0128,
1840,Michigan,0.0000,0.0000,0.0000,0.4757,0.0000,0.5171,0.0000,0.0072,
1840,Mississippi,0.0000,0.0000,0.0000,0.4657,0.0000,0.5343,0.0000,0.0000,
1840,Missouri,0.0000,0.0000,0.0000,0.5663,0.0000,0.4337,0.0000,0.0000,
1840,New Hampshire,0.0000,0.0000,0.0000,0.5466,0.0000,0.4388,0.0000,0.0146,
1840,New Jersey,0.0000,0.0000,0.0000,0.4815,0.0000,0.5174,0.0000,0.0011,
1840,New York,0.0000,0.0000,0.0000,0.4818,0.0000,0.5118,0.0000,0.0064,
1840,North Carolina,0.0000,0.0000,0.0000,0.4232,0.0000,0.5768,0.0000,0.0000,
1840,Ohio,0.0000,0.0000,0.0000,0.4557,0.0000,0.5410,0.0000,0.0033,
1840,Pennsylvania,0.0000,0.0000,0.0000,0.4988,0.0000,0.5000,0.0000,0.0012,
1840,Rhode Island,0.0000,0.0000,0.0000,0.3829,0.0000,0.6122,0.0000,0.0049,
1840,South Carolina,0.0000,0.0000,0.0000,1.0000,0.0000,0.0000,0.0000,0.0000,"No popular vote. Instead, vote by state legislature."
1840,Tennessee,0.0000,0.0000,0.0000,0.4434,0.0000,0.5566,0.0000,0.0000,
1840,Vermont,0.0000,0.0000,0.0000,0.3547,0.0000,0.6390,0.0000,0.0063,
1840,Virginia,0.0000,0.0000,0.0000,0.5065,0.0000,0.4935,0.0000,0.0000,
1844,Alabama,0.0000,0.0000,0.0000,0.5899,0.0000,0.4101,0.0000,0.0000,
1844,Arkansas,0.0000,0.0000,0.0000,0.6301,0.0000,0.3699,0.0000,0.0000,
1844,Connecticut,0.0000,0.0000,0.0000,0.4618,0.0000,0.5081,0.0000,0.0301,
1844,Delaware,0.0000,0.0000,0.0000,0.4875,0.0000,0.5120,0.0000,0.0005,
1844,Georgia,0.0000,0.0000,0.0000,0.5119,0.0000,0.4881,0.0000,0.0000,
1844,Illinois,0.0000,0.0000,0.0000,0.5391,0.0000,0.4205,0.0000,0.0404,
1844,Indiana,0.0000,0.0000,0.0000,0.5007,0.0000,0.4842,0.0000,0.0151,
1844,Kentucky,0.0000,0.0000,0.0000,0.4591,0.0000,0.5409,0.0000,0.0000,
1844,Louisiana,0.0000,0.0000,0.0000,0.5130,0.0000,0.4870,0.0000,0.0000,
1844,Maine,0.0000,0.0000,0.0000,0.5383,0.0000,0.4048,0.0000,0.0569,
1844,Maryland,0.0000,0.0000,0.0000,0.4761,0.0000,0.5239,0.0000,0.0000,
1844,Massachusetts,0.0000,0.0000,0.0000,0.4017,0.0000,0.5079,0.0000,0.0904,
1844,Michigan,0.0000,0.0000,0.0000,0.4975,0.0000,0.4372,0.0000,0.0653,
1844,Mississippi,0.0000,0.0000,0.0000,0.5743,0.0000,0.4257,0.0000,0.0000,
1844,Missouri,0.0000,0.0000,0.0000,0.5698,0.0000,0.4302,0.0000,0.0000,
1844,New Hampshire,0.0000,0.0000,0.0000,0.5522,0.0000,0.3632,0.0000,0.0846,
1844,New Jersey,0.0000,0.0000,0.0000,0.4937,0.0000,0.5046,0.0000,0.0017,
1844,New York,0.0000,0.0000,0.0000,0.4890,0.0000,0.4785,0.0000,0.0325,
1844,North Carolina,0.0000,0.0000,0.0000,0.4761,0.0000,0.5239,0.0000,0.0000,
1844,Ohio,0.0000,0.0000,0.0000,0.4774,0.0000,0.4968,0.0000,0.0258,
1844,Pennsylvania,0.0000,0.0000,0.0000,0.5050,0.0000,0.4859,0.0000,0.0091,
1844,Rhode Island,0.0000,0.0000,0.0000,0.3958,0.0000,0.5955,0.0000,0.0087,
1844,South Carolina,0.0000,0.0000,0.0000,1.0000,0.0000,0.0000,0.0000,0.0000,"No popular vote. Instead, vote by state legislature."
1844,Tennessee,0.0000,0.0000,0.0000,0.4995,0.0000,0.5005,0.0000,0.0000,
1844,Vermont,0.0000,0.0000,0.0000,0.3696,0.0000,0.5484,0.0000,0.0820,
1844,Virginia,0.0000,0.0000,0.0000,0.5305,0.0000,0.4695,0.0000,0.0000,
1848,Alabama,0.0000,0.0000,0.0000,0.5056,0.0000,0.4944,0.0000,0.0000,
1848,Arkansas,0.0000,0.0000,0.0000,0.5507,0.0000,0.4493,0.0000,0.0000,
1848,Connecticut,0.0000,0.0000,0.0000,0.4335,0.0000,0.4859,0.0000,0.0806,
1848,Delaware,0.0000,0.0000,0.0000,0.4754,0.0000,0.5180,0.0000,0.0066,
1848,Florida,0.0000,0.0000,0.0000,0.4280,0.0000,0.5720,0.0000,0.0000,
1848,Georgia,0.0000,0.0000,0.0000,0.4851,0.0000,0.5149,0.0000,0.0000,
1848,Illinois,0.0000,0.0000,0.0000,0.4491,0.0000,0.4242,0.0000,0.1267,
1848,Indiana,0.0000,0.0000,0.0000,0.4893,0.0000,0.4577,0.0000,0.0530,
1848,Iowa,0.0000,0.0000,0.0000,0.5046,0.0000,0.4459,0.0000,0.0495,
1848,Kentucky,0.0000,0.0000,0.0000,0.4254,0.0000,0.5746,0.0000,0.0000,
1848,Louisiana,0.0000,0.0000,0.0000,0.4541,0.0000,0.5459,0.0000,0.0000,
1848,Maine,0.0000,0.0000,0.0000,0.4587,0.0000,0.4025,0.0000,0.1388,
1848,Maryland,0.0000,0.0000,0.0000,0.4772,0.0000,0.5210,0.0000,0.0018,
1848,Massachusetts,0.0000,0.0000,0.0000,0.2618,0.0000,0.4532,0.0000,0.2850,
1848,Michigan,0.0000,0.0000,0.0000,0.4724,0.0000,0.3680,0.0000,0.1596,
1848,Mississippi,0.0000,0.0000,0.0000,0.5060,0.0000,0.4940,0.0000,0.0000,
1848,Missouri,0.0000,0.0000,0.0000,0.5509,0.0000,0.4491,0.0000,0.0000,
1848,New Hampshire,0.0000,0.0000,0.0000,0.5541,0.0000,0.2950,0.0000,0.1509,
1848,New Jersey,0.0000,0.0000,0.0000,0.4747,0.0000,0.5148,0.0000,0.0105,
1848,New York,0.0000,0.0000,0.0000,0.2507,0.0000,0.4794,0.0000,0.2699,
1848,North Carolina,0.0000,0.0000,0.0000,0.4480,0.0000,0.5517,0.0000,0.0003,
1848,Ohio,0.0000,0.0000,0.0000,0.4712,0.0000,0.4212,0.0000,0.1076,
1848,Pennsylvania,0.0000,0.0000,0.0000,0.4666,0.0000,0.5028,0.0000,0.0306,
1848,Rhode Island,0.0000,0.0000,0.0000,0.3268,0.0000,0.6077,0.0000,0.0655,
1848,South Carolina,0.0000,0.0000,0.0000,1.0000,0.0000,0.0000,0.0000,0.0000,"No popular vote. Instead, vote by state legislature."
1848,Tennessee,0.0000,0.0000,0.0000,0.4748,0.0000,0.5252,0.0000,0.0000,
1848,Texas,0.0000,0.0000,0.0000,0.7029,0.0000,0.2971,0.0000,0.0000,
1848,Vermont,0.0000,0.0000,0.0000,0.2285,0.0000,0.4827,0.0000,0.2888,
1848,Virginia,0.0000,0.0000,0.0000,0.5080,0.0000,0.4920,0.0000,0.0000,
1848,Wisconsin,0.0000,0.0000,0.0000,0.3830,0.0000,0.3510,0.0000,0.2660,
1852,Alabama,0.0000,0.0000,0.0000,0.6089,0.0000,0.3412,0.0000,0.0499,
1852,Arkansas,0.0000,0.0000,0.0000,0.6218,0.0000,0.3782,0.0000,0.0000,
1852,California,0.0000,0.0000,0.0000,0.5302,0.0000,0.4683,0.0000,0.0015,
1852,Connecticut,0.0000,0.0000,0.0000,0.4979,0.0000,0.4556,0.0000,0.0465,
1852,Delaware,0.0000,0.0000,0.0000,0.4985,0.0000,0.4966,0.0000,0.0049,
1852,Florida,0.0000,0.0000,0.0000,0.6003,0.0000,0.3997,0.0000,0.0000,
1852,Georgia,0.0000,0.0000,0.0000,0.6470,0.0000,0.2660,0.0000,0.0870,
1852,Illinois,0.0000,0.0000,0.0000,0.5187,0.0000,0.4177,0.0000,0.0636,
1852,Indiana,0.0000,0.0000,0.0000,0.5205,0.0000,0.4417,0.0000,0.0378,
1852,Iowa,0.0000,0.0000,0.0000,0.5023,0.0000,0.4484,0.0000,0.0493,
1852,Kentucky,0.0000,0.0000,0.0000,0.4832,0.0000,0.5144,0.0000,0.0024,
1852,Louisiana,0.0000,0.0000,0.0000,0.5194,0.0000,0.4806,0.0000,0.0000,
1852,Maine,0.0000,0.0000,0.0000,0.5063,0.0000,0.3960,0.0000,0.0977,
1852,Maryland,0.0000,0.0000,0.0000,0.5328,0.0000,0.4669,0.0000,0.0003,
1852,Massachusetts,0.0000,0.0000,0.0000,0.3507,0.0000,0.4145,0.0000,0.2348,
1852,Michigan,0.0000,0.0000,0.0000,0.5045,0.0000,0.4083,0.0000,0.0872,
1852,Mississippi,0.0000,0.0000,0.0000,0.6050,0.0000,0.3950,0.0000,0.0000,
1852,Missouri,0.0000,0.0000,0.0000,0.5642,0.0000,0.4358,0.0000,0.0000,
1852,New Hampshire,0.0000,0.0000,0.0000,0.5640,0.0000,0.3064,0.0000,0.1296,
1852,New Jersey,0.0000,0.0000,0.0000,0.5324,0.0000,0.4633,0.0000,0.0043,
1852,New York,0.0000,0.0000,0.0000,0.5018,0.0000,0.4497,0.0000,0.0485,
1852,North Carolina,0.0000,0.0000,0.0000,0.5043,0.0000,0.4949,0.0000,0.0008,
1852,Ohio,0.0000,0.0000,0.0000,0.4783,0.0000,0.4318,0.0000,0.0899,
1852,Pennsylvania,0.0000,0.0000,0.0000,0.5120,0.0000,0.4618,0.0000,0.0262,
1852,Rhode Island,0.0000,0.0000,0.0000,0.5137,0.0000,0.4485,0.0000,0.0378,
1852,South Carolina,0.0000,0.0000,0.0000,1.0000,0.0000,0.0000,0.0000,0.0000,"No popular vote. Instead, vote by state legislature."
1852,Tennessee,0.0000,0.0000,0.0000,0.4927,0.0000,0.5073,0.0000,0.0000,
1852,Texas,0.0000,0.0000,0.0000,0.7307,0.0000,0.2693,0.0000,0.0000,
1852,Vermont,0.0000,0.0000,0.0000,0.2972,0.0000,0.5052,0.0000,0.1976,
1852,Virginia,0.0000,0.0000,0.0000,0.5571,0.0000,0.4429,0.0000,0.0000,
1852,Wisconsin,0.0000,0.0000,0.0000,0.5204,0.0000,0.3434,0.0000,0.1362,
1856,Alabama,0.0000,0.0000,0.0000,0.6208,0.0000,0.0000,0.0000,0.3792,
1856,Arkansas,0.0000,0.0000,0.0000,0.6712,0.0000,0.0000,0.0000,0.3288,
1856,California,0.0000,0.0000,0.0000,0.4838,0.0000,0.0000,0.1878,0.3284,
1856,Connecticut,0.0000,0.0000,0.0000,0.4357,0.0000,0.0000,0.5318,0.0325,
1856,Delaware,0.0000,0.0000,0.0000,0.5483,0.0000,0.0000,0.0212,0.4305,
1856,Florida,0.0000,0.0000,0.0000,0.5681,0.0000,0.0000,0.0000,0.4319,
1856,Georgia,0.0000,0.0000,0.0000,0.5714,0.0000,0.0000,0.0000,0.4286,
1856,Illinois,0.0000,0.0000,0.0000,0.4409,0.0000,0.0000,0.4023,0.1568,
1856,Indiana,0.0000,0.0000,0.0000,0.5041,0.0000,0.0000,0.4009,0.0950,
1856,Iowa,0.0000,0.0000,0.0000,0.4070,0.0000,0.0000,0.4883,0.1047,
1856,Kentucky,0.0000,0.0000,0.0000,0.5254,0.0000,0.0000,0.0000,0.4746,
1856,Louisiana,0.0000,0.0000,0.0000,0.5170,0.0000,0.0000,0.0000,0.4830,
1856,Maine,0.0000,0.0000,0.0000,0.3568,0.0000,0.0000,0.6134,0.0298,
1856,Maryland,0.0000,0.0000,0.0000,0.4504,0.0000,0.0000,0.0033,0.5463,
1856,Massachusetts,0.0000,0.0000,0.0000,0.2308,0.0000,0.0000,0.6361,0.1331,
1856,Michigan,0.0000,0.0000,0.0000,0.4152,0.0000,0.0000,0.5715,0.0133,
1856,Mississippi,0.0000,0.0000,0.0000,0.5944,0.0000,0.0000,0.0000,0.4056,
1856,Missouri,0.0000,0.0000,0.0000,0.5443,0.0000,0.0000,0.0000,0.4557,
1856,New Hampshire,0.0000,0.0000,0.0000,0.4571,0.0000,0.0000,0.5371,0.0058,
1856,New Jersey,0.0000,0.0000,0.0000,0.4723,0.0000,0.0000,0.2851,0.2426,
1856,New York,0.0000,0.0000,0.0000,0.3284,0.0000,0.0000,0.4627,0.2089,
1856,North Carolina,0.0000,0.0000,0.0000,0.5678,0.0000,0.0000,0.0000,0.4322,
1856,Ohio,0.0000,0.0000,0.0000,0.4421,0.0000,0.0000,0.4851,0.0728,
1856,Pennsylvania,0.0000,0.0000,0.0000,0.5013,0.0000,0.0000,0.3201,0.1786,
1856,Rhode Island,0.0000,0.0000,0.0000,0.3370,0.0000,0.0000,0.5785,0.0845,
1856,South Carolina,0.0000,0.0000,0.0000,1.0000,0.0000,0.0000,0.0000,0.0000,"No popular vote. Instead, vote by state legislature."
1856,Tennessee,0.0000,0.0000,0.0000,0.5218,0.0000,0.0000,0.0000,0.4782,
1856,Texas,0.0000,0.0000,0.0000,0.6659,0.0000,0.0000,0.0000,0.3341,
1856,Vermont,0.0000,0.0000,0.0000,0.2084,0.0000,0.0000,0.7796,0.0120,
1856,Virginia,0.0000,0.0000,0.0000,0.5996,0.0000,0.0000,0.0000,0.4004,
1856,Wisconsin,0.0000,0.0000,0.0000,0.4422,0.0000,0.0000,0.5530,0.0048,
1860,Alabama,0.0000,0.0000,0.0000,0.6911,0.0000,0.0000,0.0000,0.3089,
1860,Arkansas,0.0000,0.0000,0.0000,0.6295,0.0000,0.0000,0.0000,0.3705,
1860,California,0.0000,0.0000,0.0000,0.6006,0.0000,0.0000,0.3231,0.0763,
1860,Connecticut,0.0000,0.0000,0.0000,0.4201,0.0000,0.0000,0.5386,0.0413,
1860,Delaware,0.0000,0.0000,0.0000,0.5215,0.0000,0.0000,0.2372,0.2413,
1860,Florida,0.0000,0.0000,0.0000,0.6393,0.0000,0.0000,0.0000,0.3607,
1860,Georgia,0.0000,0.0000,0.0000,0.5974,0.0000,0.0000,0.0000,0.4026,
1860,Illinois,0.0000,0.0000,0.0000,0.4786,0.0000,0.0000,0.5069,0.0145,
1860,Indiana,0.0000,0.0000,0.0000,0.4696,0.0000,0.0000,0.5109,0.0195,
1860,Iowa,0.0000,0.0000,0.0000,0.4402,0.0000,0.0000,0.5461,0.0137,
1860,Kentucky,0.0000,0.0000,0.0000,0.5389,0.0000,0.0000,0.0093,0.4518,
1860,Louisiana,0.0000,0.0000,0.0000,0.6000,0.0000,0.0000,0.0000,0.4000,
1860,Maine,0.0000,0.0000,0.0000,0.3573,0.0000,0.0000,0.6224,0.0203,
1860,Maryland,0.0000,0.0000,0.0000,0.5238,0.0000,0.0000,0.0248,0.4514,
1860,Massachusetts,0.0000,0.0000,0.0000,0.2386,0.0000,0.0000,0.6280,0.1334,
1860,Michigan,0.0000,0.0000,0.0000,0.4251,0.0000,0.0000,0.5723,0.0026,
1860,Minnesota,0.0000,0.0000,0.0000,0.3646,0.0000,0.0000,0.6353,0.0001,
1860,Mississippi,0.0000,0.0000,0.0000,0.6375,0.0000,0.0000,0.0000,0.3625,
1860,Missouri,0.0000,0.0000,0.0000,0.5446,0.0000,0.0000,0.1028,0.3526,
1860,New Hampshire,0.0000,0.0000,0.0000,0.4248,0.0000,0.0000,0.5690,0.0062,
1860,New Jersey,0.0000,0.0000,0.0000,0.5187,0.0000,0.0000,0.4813,0.0000,
1860,New York,0.0000,0.0000,0.0000,0.0000,0.0000,0.0000,0.5371,0.4629,
1860,North Carolina,0.0000,0.0000,0.0000,0.5334,0.0000,0.0000,0.0000,0.4666,
1860,Ohio,0.0000,0.0000,0.0000,0.4591,0.0000,0.0000,0.5124,0.0285,
1860,Oregon,0.0000,0.0000,0.0000,0.6236,0.0000,0.0000,0.3620,0.0144,
1860,Pennsylvania,0.0000,0.0000,0.0000,0.0352,0.0000,0.0000,0.5626,0.4022,
1860,Rhode Island,0.0000,0.0000,0.0000,0.3863,0.0000,0.0000,0.6137,0.0000,
1860,South Carolina,0.0000,0.0000,0.0000,1.0000,0.0000,0.0000,0.0000,0.0000,"No popular vote. Instead, vote by state legislature."
1860,Tennessee,0.0000,0.0000,0.0000,0.5227,0.0000,0.0000,0.0000,0.4773,
1860,Texas,0.0000,0.0000,0.0000,0.7550,0.0000,0.0000,0.0000,0.2450,
1860,Vermont,0.0000,0.0000,0.0000,0.2360,0.0000,0.0000,0.7586,0.0054,
1860,Virginia,0.0000,0.0000,0.0000,0.5425,0.0000,0.0000,0.0113,0.4462,
1860,Wisconsin,0.0000,0.0000,0.0000,0.4331,0.0000,0.0000,0.5659,0.0010,
1864,California,0.0000,0.0000,0.0000,0.4136,0.0000,0.0000,0.5863,0.0001,
1864,Connecticut,0.0000,0.0000,0.0000,0.4862,0.0000,0.0000,0.5138,0.0000,
1864,Delaware,0.0000,0.0000,0.0000,0.5181,0.0000,0.0000,0.4819,0.0000,
1864,Illinois,0.0000,0.0000,0.0000,0.4558,0.0000,0.0000,0.5442,0.0000,
1864,Indiana,0.0000,0.0000,0.0000,0.4640,0.0000,0.0000,0.5359,0.0001,
1864,Iowa,0.0000,0.0000,0.0000,0.3588,0.0000,0.0000,0.6412,0.0000,
1864,Kansas,0.0000,0.0000,0.0000,0.1778,0.0000,0.0000,0.7919,0.0303,
1864,Kentucky,0.0000,0.0000,0.0000,0.6983,0.0000,0.0000,0.3017,0.0000,
1864,Maine,0.0000,0.0000,0.0000,0.4093,0.0000,0.0000,0.5907,0.0000,
1864,Maryland,0.0000,0.0000,0.0000,0.4491,0.0000,0.0000,0.5509,0.0000,
1864,Massachusetts,0.0000,0.0000,0.0000,0.2778,0.0000,0.0000,0.7222,0.0000,
1864,Michigan,0.0000,0.0000,0.0000,0.4640,0.0000,0.0000,0.5360,0.0000,
1864,Minnesota,0.0000,0.0000,0.0000,0.4094,0.0000,0.0000,0.5906,0.0000,
1864,Missouri,0.0000,0.0000,0.0000,0.3028,0.0000,0.0000,0.6972,0.0000,
1864,Nevada,0.0000,0.0000,0.0000,0.4016,0.0000,0.0000,0.5984,0.0000,
1864,New Hampshire,0.0000,0.0000,0.0000,0.4744,0.0000,0.0000,0.5256,0.0000,
1864,New Jersey,0.0000,0.0000,0.0000,0.5284,0.0000,0.0000,0.4716,0.0000,
1864,New York,0.0000,0.0000,0.0000,0.4954,0.0000,0.0000,0.5046,0.0000,
1864,Ohio,0.0000,0.0000,0.0000,0.4363,0.0000,0.0000,0.5637,0.0000,
1864,Oregon,0.0000,0.0000,0.0000,0.4610,0.0000,0.0000,0.5390,0.0000,
1864,Pennsylvania,0.0000,0.0000,0.0000,0.4825,0.0000,0.0000,0.5175,0.0000,
1864,Rhode Island,0.0000,0.0000,0.0000,0.3776,0.0000,0.0000,0.6224,0.0000,
1864,Tennessee,0.0000,0.0000,0.0000,0.1429,0.0000,0.0000,0.8571,0.0000,
1864,Vermont,0.0000,0.0000,0.0000,0.2390,0.0000,0.0000,0.7610,0.0000,
1864,West Virginia,0.0000,0.0000,0.0000,0.3176,0.0000,0.0000,0.6824,0.0000,
1864,Wisconsin,0.0000,0.0000,0.0000,0.4412,0.0000,0.0000,0.5588,0.0000,
1868,Alabama,0.0000,0.0000,0.0000,0.4875,0.0000,0.0000,0.5125,0.0000,
1868,Arkansas,0.0000,0.0000,0.0000,0.4632,0.0000,0.0000,0.5368,0.0000,
1868,California,0.0000,0.0000,0.0000,0.4976,0.0000,0.0000,0.5024,0.0000,
1868,Connecticut,0.0000,0.0000,0.0000,0.4851,0.0000,0.0000,0.5149,0.0000,
1868,Delaware,0.0000,0.0000,0.0000,0.5900,0.0000,0.0000,0.4100,0.0000,
1868,Florida,0.0000,0.0000,0.0000,0.1837,0.0000,0.0000,0.8163,0.0000,Based on vote in state legislature for electors.
1868,Georgia,0.0000,0.0000,0.0000,0.6427,0.0000,0.0000,0.3573,0.0000,
1868,Illinois,0.0000,0.0000,0.0000,0.4431,0.0000,0.0000,0.5569,0.0000,
1868,Indiana,0.0000,0.0000,0.0000,0.4861,0.0000,0.0000,0.5139,0.0000,
1868,Iowa,0.0000,0.0000,0.0000,0.3808,0.0000,0.0000,0.6192,0.0000,
1868,Kansas,0.0000,0.0000,0.0000,0.3117,0.0000,0.0000,0.6882,0.0001,
1868,Kentucky,0.0000,0.0000,0.0000,0.7455,0.0000,0.0000,0.2545,0.0000,
1868,Louisiana,0.0000,0.0000,0.0000,0.7069,0.0000,0.0000,0.2931,0.0000,
1868,Maine,0.0000,0.0000,0.0000,0.3759,0.0000,0.0000,0.6241,0.0000,
1868,Maryland,0.0000,0.0000,0.0000,0.6720,0.0000,0.0000,0.3280,0.0000,
1868,Massachusetts,0.0000,0.0000,0.0000,0.3023,0.0000,0.0000,0.6976,0.0001,
1868,Michigan,0.0000,0.0000,0.0000,0.4302,0.0000,0.0000,0.5698,0.0000,
1868,Minnesota,0.0000,0.0000,0.0000,0.3912,0.0000,0.0000,0.6088,0.0000,
1868,Missouri,0.0000,0.0000,0.0000,0.4304,0.0000,0.0000,0.5696,0.0000,
1868,Nebraska,0.0000,0.0000,0.0000,0.3609,0.0000,0.0000,0.6391,0.0000,
1868,Nevada,0.0000,0.0000,0.0000,0.4461,0.0000,0.0000,0.5539,0.0000,
1868,New Hampshire,0.0000,0.0000,0.0000,0.4476,0.0000,0.0000,0.5522,0.0002,
1868,New Jersey,0.0000,0.0000,0.0000,0.5088,0.0000,0.0000,0.4912,0.0000,
1868,New York,0.0000,0.0000,0.0000,0.5059,0.0000,0.0000,0.4941,0.0000,
1868,North Carolina,0.0000,0.0000,0.0000,0.4659,0.0000,0.0000,0.5341,0.0000,
1868,Ohio,0.0000,0.0000,0.0000,0.4600,0.0000,0.0000,0.5400,0.0000,
1868,Oregon,0.0000,0.0000,0.0000,0.5037,0.0000,0.0000,0.4963,0.0000,
1868,Pennsylvania,0.0000,0.0000,0.0000,0.4780,0.0000,0.0000,0.5220,0.0000,
